{
  "advancedEditorSelectedIdentifier" : "ProjectBrowser",
  "openSceneRelativePaths" : [
    "Scene.usda"
  ],
  "recentIdentifiers" : {
    "D66134B1-3681-4A8E-AFE5-29F257229F3B" : [

    ],
    "E2CB2D2F-3C14-47D3-AD40-ABC8049FE611" : [

    ]
  },
  "sceneCameraHistory" : {
    "1D572CEB-057A-41C3-B575-04C37501A3C0" : [
      {
        "date" : 729886046.803635,
        "title" : "Untitled",
        "transform" : [
          1,
          0,
          -0,
          0,
          -0,
          0.86602485,
          -0.50000095,
          0,
          0,
          0.50000095,
          0.86602485,
          0,
          0,
          3.3934023,
          3.7602065,
          1
        ]
      }
    ],
    "D66134B1-3681-4A8E-AFE5-29F257229F3B" : [
      {
        "date" : 730934586.543318,
        "title" : "Untitled",
        "transform" : [
          0.9951315,
          -1.6154305e-09,
          -0.098556295,
          0,
          -0.026920768,
          0.9619711,
          -0.27182135,
          0,
          0.09480831,
          0.2731512,
          0.9572878,
          0,
          -0.06668472,
          1.0581636,
          2.0550604,
          1
        ]
      },
      {
        "date" : 730934516.709366,
        "title" : "Untitled",
        "transform" : [
          0.9835372,
          3.2572784e-09,
          -0.18070562,
          0,
          -0.062476497,
          0.93833166,
          -0.34004453,
          0,
          0.16956182,
          0.34573632,
          0.92288417,
          0,
          0.22532873,
          1.2725328,
          2.0358276,
          1
        ]
      },
      {
        "date" : 730934504.359809,
        "title" : "Untitled",
        "transform" : [
          0.999725,
          2.8001648e-10,
          0.02345005,
          0,
          0.006890323,
          0.9558577,
          -0.29374897,
          0,
          -0.022414912,
          0.29382977,
          0.95559484,
          0,
          0.01078688,
          1.2145623,
          2.073236,
          1
        ]
      },
      {
        "date" : 730913338.410515,
        "title" : "Untitled",
        "transform" : [
          0.9996108,
          1.7251214e-05,
          0.027894767,
          0,
          0.012325864,
          0.8968057,
          -0.44225276,
          0,
          -0.025023818,
          0.4424245,
          0.89645654,
          0,
          0,
          1.8287902,
          1.8287904,
          1
        ]
      },
      {
        "date" : 730913336.840889,
        "title" : "Untitled",
        "transform" : [
          0.9996118,
          8.812882e-05,
          0.027859814,
          0,
          0.012246861,
          0.8968057,
          -0.44225496,
          0,
          -0.025023818,
          0.4424245,
          0.89645654,
          0,
          0,
          1.8287902,
          1.8287904,
          1
        ]
      },
      {
        "date" : 730913328.624943,
        "title" : "Untitled",
        "transform" : [
          1,
          -0,
          0,
          0,
          0,
          0.7071069,
          -0.70710677,
          0,
          0,
          0.70710677,
          0.7071069,
          0,
          0,
          1.8287902,
          1.8287904,
          1
        ]
      },
      {
        "date" : 730913265.240187,
        "title" : "Untitled",
        "transform" : [
          0.9996458,
          -2.023252e-06,
          -0.02661229,
          0,
          -0.016896432,
          0.77253705,
          -0.63474476,
          0,
          0.020560265,
          0.63496965,
          0.77226347,
          0,
          0.030017233,
          0.857592,
          1.112106,
          1
        ]
      },
      {
        "date" : 730913250.839139,
        "title" : "Untitled",
        "transform" : [
          0.99997324,
          -6.412986e-11,
          0.007313353,
          0,
          0.003998872,
          0.83726954,
          -0.5467759,
          0,
          -0.0061232476,
          0.5467905,
          0.83724713,
          0,
          -0.0060218126,
          0.7384974,
          1.1998732,
          1
        ]
      },
      {
        "date" : 729976988.138372,
        "title" : "Untitled",
        "transform" : [
          1,
          0,
          0,
          0,
          0,
          0.8660254,
          -0.5,
          0,
          0,
          0.5,
          0.8660254,
          0,
          0,
          0.6997125,
          1.211938,
          1
        ]
      },
      {
        "date" : 729891099.622528,
        "title" : "Untitled",
        "transform" : [
          1,
          0,
          0,
          0,
          0,
          0.8660254,
          -0.5,
          0,
          0,
          0.5,
          0.8660254,
          0,
          0,
          0.38399497,
          0.6650989,
          1
        ]
      }
    ],
    "E2CB2D2F-3C14-47D3-AD40-ABC8049FE611" : [
      {
        "date" : 729891608.713306,
        "title" : "Untitled",
        "transform" : [
          0.99999994,
          0,
          -0,
          0,
          -0,
          0.8660254,
          -0.49999994,
          0,
          0,
          0.49999994,
          0.8660254,
          0,
          0,
          0.22280572,
          0.38591084,
          1
        ]
      }
    ]
  },
  "selectedSceneRelativePath" : "Scene.usda"
}