{
  "advancedEditorSelectedIdentifier" : "ProjectBrowser",
  "openSceneRelativePaths" : [
    "Scene.usda"
  ],
  "recentIdentifiers" : {
    "D66134B1-3681-4A8E-AFE5-29F257229F3B" : [

    ],
    "E2CB2D2F-3C14-47D3-AD40-ABC8049FE611" : [

    ]
  },
  "sceneCameraHistory" : {
    "1D572CEB-057A-41C3-B575-04C37501A3C0" : [
      {
        "date" : 729886046.803635,
        "title" : "Untitled",
        "transform" : [
          1,
          0,
          -0,
          0,
          -0,
          0.86602485,
          -0.50000095,
          0,
          0,
          0.50000095,
          0.86602485,
          0,
          0,
          3.3934023,
          3.7602065,
          1
        ]
      }
    ],
    "D66134B1-3681-4A8E-AFE5-29F257229F3B" : [
      {
        "date" : 730913338.410515,
        "title" : "Untitled",
        "transform" : [
          0.9996108,
          1.7251214e-05,
          0.027894767,
          0,
          0.012325864,
          0.8968057,
          -0.44225276,
          0,
          -0.025023818,
          0.4424245,
          0.89645654,
          0,
          0,
          1.8287902,
          1.8287904,
          1
        ]
      },
      {
        "date" : 730913336.840889,
        "title" : "Untitled",
        "transform" : [
          0.9996118,
          8.812882e-05,
          0.027859814,
          0,
          0.012246861,
          0.8968057,
          -0.44225496,
          0,
          -0.025023818,
          0.4424245,
          0.89645654,
          0,
          0,
          1.8287902,
          1.8287904,
          1
        ]
      },
      {
        "date" : 730913328.624943,
        "title" : "Untitled",
        "transform" : [
          1,
          -0,
          0,
          0,
          0,
          0.7071069,
          -0.70710677,
          0,
          0,
          0.70710677,
          0.7071069,
          0,
          0,
          1.8287902,
          1.8287904,
          1
        ]
      },
      {
        "date" : 730913265.240187,
        "title" : "Untitled",
        "transform" : [
          0.9996458,
          -2.023252e-06,
          -0.02661229,
          0,
          -0.016896432,
          0.77253705,
          -0.63474476,
          0,
          0.020560265,
          0.63496965,
          0.77226347,
          0,
          0.030017233,
          0.857592,
          1.112106,
          1
        ]
      },
      {
        "date" : 730913250.839139,
        "title" : "Untitled",
        "transform" : [
          0.99997324,
          -6.412986e-11,
          0.007313353,
          0,
          0.003998872,
          0.83726954,
          -0.5467759,
          0,
          -0.0061232476,
          0.5467905,
          0.83724713,
          0,
          -0.0060218126,
          0.7384974,
          1.1998732,
          1
        ]
      },
      {
        "date" : 729976988.138372,
        "title" : "Untitled",
        "transform" : [
          1,
          0,
          0,
          0,
          0,
          0.8660254,
          -0.5,
          0,
          0,
          0.5,
          0.8660254,
          0,
          0,
          0.6997125,
          1.211938,
          1
        ]
      },
      {
        "date" : 729891099.622528,
        "title" : "Untitled",
        "transform" : [
          1,
          0,
          0,
          0,
          0,
          0.8660254,
          -0.5,
          0,
          0,
          0.5,
          0.8660254,
          0,
          0,
          0.38399497,
          0.6650989,
          1
        ]
      },
      {
        "date" : 729886054.618922,
        "title" : "Untitled",
        "transform" : [
          1,
          0,
          -0,
          0,
          -0,
          0.8660254,
          -0.5,
          0,
          0,
          0.5,
          0.8660254,
          0,
          0,
          0.38705304,
          0.67039555,
          1
        ]
      }
    ],
    "E2CB2D2F-3C14-47D3-AD40-ABC8049FE611" : [
      {
        "date" : 729891608.713306,
        "title" : "Untitled",
        "transform" : [
          0.99999994,
          0,
          -0,
          0,
          -0,
          0.8660254,
          -0.49999994,
          0,
          0,
          0.49999994,
          0.8660254,
          0,
          0,
          0.22280572,
          0.38591084,
          1
        ]
      }
    ]
  },
  "selectedSceneRelativePath" : "Scene.usda"
}